$ANSIBLE_VAULT;1.1;AES256
36356562633466353433636632333934633461356637313166386539373930343832323137613635
3063346136656534373134393862663561316330613363380a623836376364343163646563363834
66383663336236333864306631303733646534633363656632353062373065666430326637326161
3862633430326666350a363961323764663464316334313239343065336266333966353539613335
37383036346261663639363731326264353232373938373734313833353831643733613662643066
61343030343866656339326430313933383165663339663539306261653566353165303461303739
62656166666336373462616262316365616631313962616234633938386661393661646564376238
32643838306330326238396437306164616137356563373963353264666161626263613866396466
34623932323639623265643364383463393330303339643036643532326432333934343330666331
32656364343065383761383937643662626330633263616432643735393963613561656638333036
34303131396637323734633934386338386563343064336335343363336638396635323766633635
32653232383730633431363363623038633061386362653430636138616239653866613038666633
61626264343430353362303339373535323361626631386635613834326366316565303339643066
62656561373862626130633435663663363861323961386464316335643866313966376630633665
65663139363033313138613963306635336230616632316233653530613631336664613737623232
63393562333139623639333530393138353830326131303538313931633366333234656230343963
30306139636639613236313531343935363063353464373638643233643537333839643465626663
61356134373063623263366464323139616566656533303631386362373433336135343838646365
62623631663530333165623136383164303266626462376331613930643938623432373963323636
39663234316339643765386135663438353534336531313337666337343362666137353935376531
63306136623437636236323635613530613063623939333232653933616536626336303965653538
66393764343132383063613237666637373138353062316633313834353162356638346637656132
33646630303866333334643939613438393233393162613063666133656530366363373736643932
34353338623863343465356465316130613261343165656463396334363437663338663331383963
38646433306362356331313263356434653737383161333437346232653662343639393839663631
61363466623834396536653830653239383861336232333161376462626339306231653733306461
33636638383861373066643838353762653732663562383630396137393637366432373339636161
63353038303364613133326465333239363766373136316363366633393037316336613965393738
34373162373930646435343933343635623034313131616534326536393637376336383262363730
66663337323831363661616366323231386530323938393238393337373930383462356130646637
35656236626630656136313038616361656537366330386633366164626565383366366464653532
64373132353365383662663239636431643436333565373737643962616632396433333438623763
30613364393231626262613538343338326163623263376162643032396464303631346233336536
37333365643833626336393639613039626365366234343432663932656434656663353639316666
63363939396137353433343935386264306565346436373236303839326238326135393464666565
35653263653137333732376338396239616233663938376666363939613239646238366165613437
38336562376562643264393934373065626439653137363830326539383732323566636261303938
36386239306166353336646461636138323930653532306465333930623538376539343231643637
32313661343435626534366662666139363531643939383261663737663334653663373666653938
38663936323030353062373134343439666533393637363332316238626132663832333062336533
65373036653166373937306635383735663931656330366230353061323639613639316232613938
38623965653165656234363039373031623432353361653531626163326534343662393838666535
35323065653863346632383135313436663539656232663335356437643732326166353437383935
32353661333737376438633035633439376337303638393332643965613237626664316330303566
62646234633730383066336339343765383635366332396663313336336531386266383663663463
38356530353363323235373336346165623737646334656561666664393531303264323166666362
34313665353163316362386662663730376237626232636662316638333332343335383061373366
38313766326666343165643963346236626532386335613636313762613065313834353765376337
66643563656332333434303834373237333964323539333436373138313234343133333865616535
32626533353239313238646264393432333265643065373266333963363062306239376631366438
33343831353531326531313966363936666338383336366335326565653061306562346332646535
64356461363537656339343163623932623133386238326262653264663532373966303238373361
63313866303235393838626363393832303036306531646161613463663638313735386437353035
36373830663931326364376161633865306365313336626364663463623264653463613637336134
37373239393936326630333730393561363866396239386262646135623635653361346238663837
34643564663466633439393232343431313461393835353135633434666463313933643163366533
65623263326166653761303530363034303538623766396164666662333265373232336165336338
38313033316563623766653962323638663665383766346234636164396432323532316333316264
65353032306238646535316335646130363935353730346162316439373439346332316330376366
36316566306366313233393033623562616236623066363163363339373130613435376638333639
37326434613334383735393038323134653062383535326663346532313566643065393961623039
62326635363933343839313766646631616163383465373035303238363634353537656634623166
65303834326262663630663763376163613139363933353930336232323465393233393134383431
31323739326165303665626533393733386333306137366633356361333036336339626665356136
35393131653238326463313233376533323736386137366630383835393665313663336161633336
36643764323534363832383431383238343666323539343462653434643563623137343636316330
36303830363932616237316466633561383230363534383965383838626633666137376632373935
64396433303665633939666337623736303637623934363032663631356561326635663932333134
38343563303132383061326364373434393636386533353533366563633330366466616364303964
31353036626239626536386433383830396331633963356663366437366464316336326266633738
33306164613066326337633731616265336465616163393933396135376230346161356631323063
61383739353231653562316232346130613166366338333439356261643632303966303137663934
66326335316635376466653431626339663834313538636262653334666630616331336236633937
64393337623837623837316630643133613038643731613235666363653664353034366338353665
32313064373537386238343733303965346561393338393862343531353534393431343732363064
33376232343938343032626336346634333732313765613636356166303234623331636166646138
39343636316562633033643365633236306337666330653035663537383731373963356539633661
33336666366636623164353437346166373937626332636330376161343765626637313636656333
33356232633635343532623661316164363334663938626638343864313933353663343731353766
34656135653536313866383462313335616439373463323135383637353238633566636262383661
64306339386335386334363736366661316465663233313734313263663231376634613865653730
36623963373061373835366561643838653838336438303830616562336362336536306233373433
31353562363762373661306562633230353433333364363735643239396434626230653662623233
65626530373132353039613564323861363936666532323562613238643639316132656433623133
31636263643165366364616237396630306532663034323137336335626466373935346564386131
32326439383532363935623437636563636138366333633832303936656135643232373935373936
35643637656461616436346631326537633135373366363532616366303831386464616533326536
38613736303062626331
